sym:
0.0000,0.0254,0.4148,0.0335,0.6352,0.0381,0.2335,0.0122,0.0070
0.0254,0.0000,0.0966,0.0027,0.0328,0.0858,0.1491,0.0297,0.7694
0.4148,0.0966,0.0000,0.0406,0.1272,0.4612,0.8912,0.2562,0.0319
0.0335,0.0027,0.0406,0.0000,0.0188,0.0056,0.0572,0.0032,0.0036
0.6352,0.0328,0.1272,0.0188,0.0000,0.0063,0.0720,0.0013,0.0124
0.0381,0.0858,0.4612,0.0056,0.0063,0.0000,0.6023,0.8762,0.0301
0.2335,0.1491,0.8912,0.0572,0.0720,0.6023,0.0000,0.3732,0.0653
0.0122,0.0297,0.2562,0.0032,0.0013,0.8762,0.3732,0.0000,0.0104
0.0070,0.7694,0.0319,0.0036,0.0124,0.0301,0.0653,0.0104,0.0000

ddg:
1.3995,0.0000,0.0000,0.0000,0.0000,0.0000,0.0000,0.0000,0.0000
0.0000,1.1915,0.0000,0.0000,0.0000,0.0000,0.0000,0.0000,0.0000
0.0000,0.0000,2.3199,0.0000,0.0000,0.0000,0.0000,0.0000,0.0000
0.0000,0.0000,0.0000,0.1650,0.0000,0.0000,0.0000,0.0000,0.0000
0.0000,0.0000,0.0000,0.0000,0.9059,0.0000,0.0000,0.0000,0.0000
0.0000,0.0000,0.0000,0.0000,0.0000,2.1055,0.0000,0.0000,0.0000
0.0000,0.0000,0.0000,0.0000,0.0000,0.0000,2.4438,0.0000,0.0000
0.0000,0.0000,0.0000,0.0000,0.0000,0.0000,0.0000,1.5625,0.0000
0.0000,0.0000,0.0000,0.0000,0.0000,0.0000,0.0000,0.0000,0.9301

norm:
0.0000,0.0196,0.2302,0.0697,0.5641,0.0222,0.1263,0.0082,0.0062
0.0196,0.0000,0.0581,0.0060,0.0316,0.0542,0.0874,0.0218,0.7309
0.2302,0.0581,0.0000,0.0657,0.0878,0.2087,0.3743,0.1346,0.0217
0.0697,0.0060,0.0657,0.0000,0.0485,0.0094,0.0900,0.0062,0.0091
0.5641,0.0316,0.0878,0.0485,0.0000,0.0045,0.0484,0.0011,0.0135
0.0222,0.0542,0.2087,0.0094,0.0045,0.0000,0.2655,0.4831,0.0215
0.1263,0.0874,0.3743,0.0900,0.0484,0.2655,0.0000,0.1910,0.0433
0.0082,0.0218,0.1346,0.0062,0.0011,0.4831,0.1910,0.0000,0.0087
0.0062,0.7309,0.0217,0.0091,0.0135,0.0215,0.0433,0.0087,0.0000

symnmf:
0.5853,0.5853
0.5827,0.5827
0.5958,0.5958
0.5282,0.5282
0.5681,0.5681
0.5881,0.5881
0.5986,0.5986
0.5731,0.5731
0.5723,0.5723
